81
887
71
268
333
32
348
915
674
307
622
209
475
933
466
296
89
143
625
675
126
902
896
985
813
452
822
796
319
600
35
245
121
396
474
446
226
285
25
946
642
868
595
418
136
58
983
859
50
163
506
532
401
312
429
902
269
346
600
223
999
306
318
798
697
790
459
4
906
893
809
711
289
524
92
218
56
20
165
400
625
218
455
700
236
16
268
301
358
807
99
892
13
718
983
885
672
266
657
956
904
392
171
304
692
77
96
473
214
314
887
411
239
2
173
667
876
374
362
725
836
24
690
152
394
582
433
621
466
727
665
456
387
570
162
23
91
619
920
539
811
554
377
254
215
509
987
213
736
501
401
617
899
143
416
150
851
207
453
546
834
792
627
860
789
757
295
675
402
230
903
566
631
625
320
929
871
648
557
425
19
759
914
712
323
513
825
210
136
462
129
440
697
964
557
474
986
154
192
239
156
281
59
709
483
621
114
785
680
78
723
293
256
178
113
173
154
967
963
734
10
638
536
238
440
310
174
591
205
647
863
154
463
339
706
936
315
658
949
316
75
227
783
472
492
774
458
191
887
155
496
121
107
842
30
873
894
738
534
454
152
318
140
121
384
949
931
829
29
995
711
435
965
606
936
290
274
569
151
105
898
327
313
525
505
14
644
500
238
154
68
26
683
172
393
793
605
365
72
708
100
349
796
768
735
914
20
885
588
949
734
238
408
877
277
238
338
950
377
759
255
695
108
423
596
7
462
635
855
776
785
472
87
165
136
80
969
49
512
148
995
469
505
140
939
53
889
716
330
233
310
739
747
258
591
596
993
864
661
453
772
221
96
572
382
362
852
402
793
711
370
287
99
418
199
702
298
951
235
112
268
33
973
468
196
177
954
970
926
145
280
337
540
433
968
682
275
899
247
860
509
192
461
523
503
437
478
508
736
56
70
320
65
800
984
707
971
965
28
271
864
50
163
224
18
961
23
425
523
731
765
617
546
683
458
685
20
840
850
444
520
746
195
149
713
822
970
357
678
524
272
178
837
242
671
6
249
789
73
614
210
963
755
420
415
98
681
784
794
537
115
627
138
659
450
888
600
71
200
117
29
606
517
127
32
9
754
500
200
40
309
987
720
442
35
540
437
141
410
704
521
976
274
265
674
338
950
567
213
98
912
185
90
406
493
515
269
213
129
174
246
233
286
993
661
944
187
329
746
307
430
66
637
806
367
443
372
264
122
920
721
698
836
204
387
722
235
117
476
150
903
857
92
59
376
882
960
895
592
872
441
271
920
328
836
851
255
288
111
246
23
525
759
987
230
736
289
151
789
130
529
268
55
589
966
833
981
243
682
730
116
528
491
377
481
826
849
505
77
887
560
479
725
394
674
613
220
472
104
41
670
846
533
695
385
532
447
561
263
717
649
797
882
752
235
725
933
717
850
242
201
826
905
595
17
767
524
418
607
325
799
268
510
949
925
477
365
193
570
893
370
372
522
604
244
375
983
703
710
355
283
356
47
902
684
141
8
967
340
594
50
945
650
321
197
368
768
665
149
767
32
828
275
126
340
230
553
962
278
426
18
617
287
132
352
521
31
469
853
389
495
858
617
438
884
204
992
714
430
191
497
542
522
616
572
409
816
600
586
209
711
851
543
149
904
551
320
508
31
940
942
820
197
995
585
574
147
432
907
420
706
309
560
206
246
410
550
613
794
978
325
416
627
17
171
253
980
785
978
5
996
617
542
160
195
173
340
870
332
416
353
552
814
168
651
29
847
930
904
581
193
533
380
784
834
647
183
865
626
184
925
805
687
423
444
422
808
143
737
237
645
656
133
769
221
181
45
875
77
783
325
957
541
188
483
868
282
463
367
844
648
941
675
410
824
56
146
386
873
496
486
384
535
968
862
126
975
699
5
718
627
169
183
691
183
708
656
657
316
73
975
633
904
988
459
942
744
814
955
440
85
713
956
10
619
26
183
634
497
989
627
461
189
844
308
106
741
386
48
538
78
392
684
296
768
36
153
283
860
761
87
768
83
294
649
121
907
303
752
616
241
244
36
158
191
330
655
470
117
321
186
695
592
171
506
99
251
659
715
126
70
199
483
60
674
900
364
500
70
91
126
659
715
98
343
255
678
822
965
96
485
829
675
19
347
514
821
544
837
274
805
88
820
274
544
605
711
3
322
652
220
869
374
11
481
949
585
125
743
480
42
236
751
700
261
763
149
606
843
91
484
629
245
795
846
758
81
193
795
790
68
135
739
666
822
470
294
185
241
745
456
449
311
